1 1 1 1 1 1 1 1 1 0 1 1 1 1 0 1 1 1 1 1 1 1 1 1 1
1 1 1 1 1 1 0 0 0 0 1 1 1 1 0 0 0 1 1 1 1 1 1 1 1
1 1 1 1 1 1 0 0 1 1 1 1 1 1 1 1 0 0 1 1 1 1 1 1 1
1 1 1 1 1 1 0 0 1 1 1 1 1 1 1 1 0 0 1 1 1 1 1 1 1
1 1 1 1 1 1 0 0 1 1 1 1 1 1 1 1 0 0 1 1 1 1 1 1 1
1 1 1 1 1 1 0 B 1 1 1 1 1 1 1 1 B 0 C 1 1 1 1 1 1
1 1 1 1 1 1 0 0 1 1 1 1 1 1 1 1 0 0 0 0 0 0 0 0 1
0 0 0 0 A 0 0 0 1 1 1 1 1 1 1 1 0 0 0 0 0 0 0 1 1
1 0 0 0 0 0 0 0 0 B 0 0 0 0 B 0 0 0 1 1 1 1 1 1 1
1 1 1 1 1 0 0 0 0 0 0 0 0 0 0 0 0 E 1 1 1 1 1 1 1
1 1 1 1 1 1 1 1 0 0 1 1 1 1 1 0 0 0 1 1 1 1 1 1 1
1 1 1 1 1 1 1 1 0 0 1 1 1 1 1 0 0 0 1 1 1 1 1 1 1
1 1 1 1 1 1 1 1 D 0 1 1 1 1 1 0 0 0 1 1 1 1 1 1 1
1 1 1 1 1 1 1 1 0 0 1 1 1 1 1 0 0 0 0 0 F 0 E 1 1
1 1 1 1 1 1 1 1 0 0 1 1 1 1 1 0 0 0 1 1 1 1 1 1 1
1 1 1 1 1 1 1 1 0 0 1 1 1 1 1 0 0 1 1 1 1 1 1 1 1
1 0 0 0 0 0 D 0 0 0 1 1 1 1 1 0 F 1 1 1 1 1 1 1 1
0 0 0 0 0 0 0 0 0 0 0 H H 0 0 0 0 1 1 1 1 1 1 1 1
1 0 0 0 0 0 G 0 0 1 1 1 1 1 1 0 0 0 1 1 1 1 1 1 1
1 1 1 1 1 1 1 0 0 1 1 1 1 1 1 0 0 0 0 0 0 0 0 0 1
1 1 1 1 1 1 1 0 0 1 1 1 1 1 1 H 0 I 0 0 0 0 0 1 1
1 1 1 1 1 1 1 0 0 1 1 1 1 1 1 0 0 1 1 1 1 1 1 1 1
1 1 1 1 1 1 1 0 0 1 1 1 1 1 1 0 0 1 1 1 1 1 1 1 1
1 1 1 1 1 1 1 0 0 1 1 1 1 1 1 0 0 1 1 1 1 1 1 1 1
1 1 1 1 1 1 1 0 1 1 1 1 1 1 1 1 0 1 1 1 1 1 1 1 1


